cam0:
  T_cam_imu:
  - [0.9999859683701965, 0.005289930392286503, 0.0002823104048747961, 0.007019222767644219]
  - [-0.00529004579255496, 0.9999859237218889, 0.00040960174916228944, -0.0012810393090238923]
  - [-0.00028013966625339614, -0.0004110894367516808, 0.9999998762636133, -0.01472874675989156]
  - [0.0, 0.0, 0.0, 1.0]
  cam_overlaps: [1]
  camera_model: pinhole
  distortion_coeffs: [0.00384162010067346, 0.000976094484881586, -0.00018178124193556254, -0.001298228989907615]
  distortion_model: radtan
  intrinsics: [432.73883444423933, 432.133407074467, 427.0347073520839, 239.78004188168364]
  resolution: [848, 480]
  rostopic: /camera/infra1/image_rect_raw
  timeshift_cam_imu: -0.003993512638087236
cam1:
  T_cam_imu:
  - [0.9999826712634902, 0.005318880223537432, 0.0025232292608316246, -0.04148571797610569]
  - [-0.0053177118959759915, 0.9999857506478566, -0.0004695119111044812, -0.0010863798745589385]
  - [-0.0025256905840680367, 0.00045608596879968626, 0.9999967064309078, -0.014973643965983267]
  - [0.0, 0.0, 0.0, 1.0]
  T_cn_cnm1:
  - [0.999997488716859, 2.9884749873644184e-05, 0.002240907601354177, -0.04847187907238212]
  - [-2.791481370345425e-05, 0.9999996131968649, -0.0008791057299665377, 0.00018190675357898756]
  - [-0.002240933006418943, 0.0008790409677649202, 0.9999971027489222, -0.00022808418495576623]
  - [0.0, 0.0, 0.0, 1.0]
  cam_overlaps: [0]
  camera_model: pinhole
  distortion_coeffs: [0.0022058970020589013, 0.0014164451152611944, -0.00019748357152774167, -0.0012246275285332246]
  distortion_model: radtan
  intrinsics: [433.044031253319, 432.56049530412764, 425.93739737275513, 240.08467815587608]
  resolution: [848, 480]
  rostopic: /camera/infra2/image_rect_raw
  timeshift_cam_imu: -0.003980843333772332
T_imu_body:
  [1.0000, 0.0000, 0.0000, 0.0000,
  0.0000, 1.0000, 0.0000, 0.0000,
  0.0000, 0.0000, 1.0000, 0.0000,
  0.0000, 0.0000, 0.0000, 1.0000]
